#No.   Fermi energy(eV)   SHC((hbar/e)*S/cm)
   1    -7.000000   -0.86228576E+02
   2    -6.950000   -0.11350228E+03
   3    -6.900000   -0.92239596E+02
   4    -6.850000   -0.50622133E+02
   5    -6.800000   -0.61883236E+02
   6    -6.750000   -0.83878494E+02
   7    -6.700000   -0.86688271E+02
   8    -6.650000   -0.78432798E+02
   9    -6.600000   -0.99277557E+02
  10    -6.550000   -0.11550485E+03
  11    -6.500000   -0.10953547E+03
  12    -6.450000   -0.11384943E+03
  13    -6.400000   -0.13574473E+03
  14    -6.350000   -0.14396443E+03
  15    -6.300000   -0.15790975E+03
  16    -6.250000   -0.15144013E+03
  17    -6.200000   -0.18537799E+03
  18    -6.150000   -0.20295373E+03
  19    -6.100000   -0.23220217E+03
  20    -6.050000   -0.26278248E+03
  21    -6.000000   -0.30207921E+03
  22    -5.950000   -0.33950797E+03
  23    -5.900000   -0.34078266E+03
  24    -5.850000   -0.38889243E+03
  25    -5.800000   -0.41545042E+03
  26    -5.750000   -0.47576232E+03
  27    -5.700000   -0.54504188E+03
  28    -5.650000   -0.64824700E+03
  29    -5.600000   -0.75935406E+03
  30    -5.550000   -0.87363347E+03
  31    -5.500000   -0.91129248E+03
  32    -5.450000   -0.97490868E+03
  33    -5.400000   -0.96609045E+03
  34    -5.350000   -0.92913774E+03
  35    -5.300000   -0.84089035E+03
  36    -5.250000   -0.85103949E+03
  37    -5.200000   -0.88638528E+03
  38    -5.150000   -0.95876158E+03
  39    -5.100000   -0.10013317E+04
  40    -5.050000   -0.10578937E+04
  41    -5.000000   -0.11522582E+04
  42    -4.950000   -0.12289095E+04
  43    -4.900000   -0.12550227E+04
  44    -4.850000   -0.12660271E+04
  45    -4.800000   -0.12371426E+04
  46    -4.750000   -0.12564959E+04
  47    -4.700000   -0.12767608E+04
  48    -4.650000   -0.13423667E+04
  49    -4.600000   -0.14062702E+04
  50    -4.550000   -0.15396743E+04
  51    -4.500000   -0.16394978E+04
  52    -4.450000   -0.17029657E+04
  53    -4.400000   -0.17941412E+04
  54    -4.350000   -0.18308729E+04
  55    -4.300000   -0.17912195E+04
  56    -4.250000   -0.16736125E+04
  57    -4.200000   -0.15532870E+04
  58    -4.150000   -0.14471876E+04
  59    -4.100000   -0.13397015E+04
  60    -4.050000   -0.13518243E+04
  61    -4.000000   -0.13657102E+04
  62    -3.950000   -0.13685007E+04
  63    -3.900000   -0.13847427E+04
  64    -3.850000   -0.13968234E+04
  65    -3.800000   -0.13613873E+04
  66    -3.750000   -0.13599028E+04
  67    -3.700000   -0.13715343E+04
  68    -3.650000   -0.13571110E+04
  69    -3.600000   -0.13432683E+04
  70    -3.550000   -0.12974379E+04
  71    -3.500000   -0.11198931E+04
  72    -3.450000   -0.89734923E+03
  73    -3.400000   -0.54359955E+03
  74    -3.350000   -0.51210014E+03
  75    -3.300000   -0.50860700E+03
  76    -3.250000   -0.53597428E+03
  77    -3.200000   -0.58717501E+03
  78    -3.150000   -0.59999055E+03
  79    -3.100000   -0.58954612E+03
  80    -3.050000   -0.56420849E+03
  81    -3.000000   -0.56976265E+03
  82    -2.950000   -0.55570113E+03
  83    -2.900000   -0.55957283E+03
  84    -2.850000   -0.60346910E+03
  85    -2.800000   -0.58348097E+03
  86    -2.750000   -0.60367459E+03
  87    -2.700000   -0.63648190E+03
  88    -2.650000   -0.65870104E+03
  89    -2.600000   -0.68527184E+03
  90    -2.550000   -0.67749991E+03
  91    -2.500000   -0.72617177E+03
  92    -2.450000   -0.69320705E+03
  93    -2.400000   -0.67804194E+03
  94    -2.350000   -0.59061001E+03
  95    -2.300000   -0.49144446E+03
  96    -2.250000   -0.41093430E+03
  97    -2.200000   -0.34620597E+03
  98    -2.150000   -0.32732861E+03
  99    -2.100000   -0.27595673E+03
 100    -2.050000   -0.29659008E+03
 101    -2.000000   -0.30822533E+03
 102    -1.950000   -0.31165408E+03
 103    -1.900000   -0.30066493E+03
 104    -1.850000   -0.32808009E+03
 105    -1.800000   -0.34628166E+03
 106    -1.750000   -0.31596067E+03
 107    -1.700000   -0.33136153E+03
 108    -1.650000   -0.38760292E+03
 109    -1.600000   -0.36787253E+03
 110    -1.550000   -0.21845364E+03
 111    -1.500000   -0.13163334E+03
 112    -1.450000   -0.59798773E+02
 113    -1.400000   -0.24780254E+02
 114    -1.350000   -0.35698815E+02
 115    -1.300000    0.31296310E+02
 116    -1.250000    0.85894588E+02
 117    -1.200000    0.11019573E+03
 118    -1.150000    0.20792135E+03
 119    -1.100000    0.23252373E+03
 120    -1.050000    0.30965096E+03
 121    -1.000000    0.36350485E+03
 122    -0.950000    0.43528657E+03
 123    -0.900000    0.46376872E+03
 124    -0.850000    0.48832599E+03
 125    -0.800000    0.54963459E+03
 126    -0.750000    0.63885843E+03
 127    -0.700000    0.68789288E+03
 128    -0.650000    0.80440561E+03
 129    -0.600000    0.85660447E+03
 130    -0.550000    0.91503151E+03
 131    -0.500000    0.10137015E+04
 132    -0.450000    0.11400714E+04
 133    -0.400000    0.11893857E+04
 134    -0.350000    0.12919207E+04
 135    -0.300000    0.14493939E+04
 136    -0.250000    0.15962105E+04
 137    -0.200000    0.17829121E+04
 138    -0.150000    0.18517080E+04
 139    -0.100000    0.19546618E+04
 140    -0.050000    0.20132044E+04
 141     0.000000    0.20021381E+04
 142     0.050000    0.19530738E+04
 143     0.100000    0.19133605E+04
 144     0.150000    0.18259857E+04
 145     0.200000    0.17687406E+04
 146     0.250000    0.17471756E+04
 147     0.300000    0.16039293E+04
 148     0.350000    0.15167366E+04
 149     0.400000    0.14130084E+04
 150     0.450000    0.13387670E+04
 151     0.500000    0.12736602E+04
 152     0.550000    0.12089154E+04
 153     0.600000    0.11205616E+04
 154     0.650000    0.10846099E+04
 155     0.700000    0.10000186E+04
 156     0.750000    0.94351327E+03
 157     0.800000    0.85453032E+03
 158     0.850000    0.83309871E+03
 159     0.900000    0.79067792E+03
 160     0.950000    0.78876752E+03
 161     1.000000    0.67901720E+03
 162     1.050000    0.70630778E+03
 163     1.100000    0.67889152E+03
 164     1.150000    0.63516691E+03
 165     1.200000    0.62710399E+03
 166     1.250000    0.64217244E+03
 167     1.300000    0.55684155E+03
 168     1.350000    0.54400403E+03
 169     1.400000    0.54265688E+03
 170     1.450000    0.51629482E+03
 171     1.500000    0.50919847E+03
 172     1.550000    0.48844374E+03
 173     1.600000    0.49462572E+03
 174     1.650000    0.47443862E+03
 175     1.700000    0.42760889E+03
 176     1.750000    0.41896123E+03
 177     1.800000    0.43420163E+03
 178     1.850000    0.42916938E+03
 179     1.900000    0.40080993E+03
 180     1.950000    0.39809841E+03
 181     2.000000    0.38511961E+03
 182     2.050000    0.39630384E+03
 183     2.100000    0.37807067E+03
 184     2.150000    0.37371372E+03
 185     2.200000    0.36579377E+03
 186     2.250000    0.33522953E+03
 187     2.300000    0.35940552E+03
 188     2.350000    0.36409813E+03
 189     2.400000    0.33900351E+03
 190     2.450000    0.34548382E+03
 191     2.500000    0.31087045E+03
 192     2.550000    0.30993290E+03
 193     2.600000    0.27076357E+03
 194     2.650000    0.29338612E+03
 195     2.700000    0.26744769E+03
 196     2.750000    0.26335844E+03
 197     2.800000    0.23849905E+03
 198     2.850000    0.24853523E+03
 199     2.900000    0.23756460E+03
 200     2.950000    0.22545933E+03
 201     3.000000    0.21238597E+03
